-5.241617999999999972e-02
-2.688354000000000091e-02
-1.023128000000000058e-02
5.271582999999999825e-02
-1.142986999999999996e-02
-9.535095000000000376e-02
-1.109685700000000025e-01
-8.428030999999999717e-02
-1.640763799999999939e-01
-4.376040000000000312e-03
-2.101683400000000090e-01
-1.632735600000000120e-01
-3.148985100000000203e-01
-1.834000799999999931e-01
-2.993526499999999979e-01
-3.516229300000000002e-01
-3.509903899999999854e-01
-4.664721099999999954e-01
-4.019031599999999815e-01
-5.324098000000000441e-01
-6.722388200000000147e-01
-6.662103099999999722e-01
-7.612063599999999708e-01
-6.266074600000000050e-01
-8.051728000000000218e-01
-7.246268399999999943e-01
-6.763219200000000209e-01
-6.669244300000000125e-01
-7.289306399999999631e-01
-8.254909999999999748e-01
-6.848200199999999738e-01
-8.191400599999999477e-01
-7.090630300000000386e-01
-6.104631600000000047e-01
-7.444412400000000041e-01
-6.441409200000000057e-01
-6.172850500000000018e-01
-6.834711799999999560e-01
-8.250518199999999913e-01
-7.141554399999999747e-01
-7.858268000000000475e-01
-8.574179299999999948e-01
-7.589950699999999939e-01
-8.034809899999999505e-01
-7.401503299999999674e-01
-8.304322200000000542e-01
-7.113055099999999742e-01
-7.226152200000000025e-01
-6.616095499999999907e-01
-7.355416799999999755e-01
-6.867743699999999674e-01
-7.211227900000000135e-01
-7.604394700000000062e-01
-8.597111499999999795e-01
-8.584323799999999949e-01
-7.425711299999999682e-01
-7.236302500000000304e-01
-7.296446500000000057e-01
-6.500342500000000356e-01
-6.723539899999999570e-01
-6.045953499999999758e-01
-5.951959799999999579e-01
-6.968842499999999829e-01
-7.112240800000000363e-01
-6.401052099999999800e-01
-7.782011399999999579e-01
-6.561019500000000448e-01
-6.863419699999999679e-01
-6.860926600000000208e-01
-8.279522099999999663e-01
-6.859730600000000234e-01
-6.600789000000000240e-01
-6.391857100000000180e-01
-6.557312899999999667e-01
-6.679573300000000158e-01
-6.675471699999999675e-01
-6.035071199999999525e-01
-8.189120300000000130e-01
-6.115057799999999988e-01
-6.513707499999999984e-01
-6.804270799999999619e-01
-7.090650899999999535e-01
-7.140265599999999768e-01
-7.395832900000000043e-01
-7.538502500000000550e-01
-7.709380300000000519e-01
-7.627042600000000228e-01
-7.187760300000000102e-01
-7.956230399999999481e-01
-7.251773700000000433e-01
-7.985645399999999894e-01
-7.520939399999999608e-01
-7.543227500000000418e-01
-6.494171600000000488e-01
-6.913666099999999926e-01
-6.381660700000000297e-01
-6.804788000000000503e-01
-6.690005199999999874e-01
-6.987445899999999988e-01
-6.535568099999999880e-01
