1.147773081008471650e+02 8.684063787306604354e+01
2.620153568689871690e+02 2.130066491613033008e+02
3.842259040793977931e+01 3.179841337225309417e+02
7.611111947904079500e+01 1.047349715623072228e+02
1.914688904593065217e+02 1.576977866194078786e+02
1.412691000904167140e+02 3.144344280297274281e+02
5.161928895126742134e+01 1.939912084769549949e+02
1.419917949946236320e+02 1.173060397152535046e+02
1.409899429522149887e+02 2.852281382483081416e+02
6.432992950565056844e+01 2.109841825388037080e+02
