4.705049999999999684e-03
3.712449000000000304e-02
1.396900699999999995e-01
1.951834400000000136e-01
1.810263000000000011e-01
1.902229099999999951e-01
3.307785500000000045e-01
2.912743500000000152e-01
3.739889399999999919e-01
2.657622499999999777e-01
3.884069099999999941e-01
4.553110100000000160e-01
5.028537100000000093e-01
4.898859099999999800e-01
4.561545399999999972e-01
5.409930400000000361e-01
4.309283300000000261e-01
4.637104599999999910e-01
5.108188700000000360e-01
4.045968799999999921e-01
4.086075200000000018e-01
4.177494999999999958e-01
3.283543400000000223e-01
4.903072099999999933e-01
4.522085399999999922e-01
5.730540600000000317e-01
6.348860899999999585e-01
6.660925300000000160e-01
5.846774999999999611e-01
6.760132599999999492e-01
7.322010300000000305e-01
7.769480399999999509e-01
7.037308899999999978e-01
7.012821900000000275e-01
6.406017499999999698e-01
6.943459800000000293e-01
6.945615899999999510e-01
6.884870199999999496e-01
7.729282600000000336e-01
6.835039200000000426e-01
7.909131999999999829e-01
7.065512999999999932e-01
6.664379599999999959e-01
7.967922200000000510e-01
7.195100100000000332e-01
7.625907100000000050e-01
7.346848799999999846e-01
6.700052699999999861e-01
7.455764499999999462e-01
8.320993800000000551e-01
9.260916399999999937e-01
7.206161800000000506e-01
7.756061100000000152e-01
7.172941200000000350e-01
7.606787000000000409e-01
5.919258699999999651e-01
7.234268600000000049e-01
6.522886300000000359e-01
7.601487900000000186e-01
7.137578199999999873e-01
6.931376000000000204e-01
6.775326400000000193e-01
6.950806600000000168e-01
7.438983200000000018e-01
7.896429499999999546e-01
8.298735999999999891e-01
8.049880600000000053e-01
8.776338099999999587e-01
7.959283799999999909e-01
7.901855800000000540e-01
7.683054499999999454e-01
9.001188199999999862e-01
9.397918100000000052e-01
8.240489399999999520e-01
8.133952800000000538e-01
8.810594800000000060e-01
8.513695999999999486e-01
7.861192500000000472e-01
7.839281500000000458e-01
8.732137599999999500e-01
8.614917300000000111e-01
8.623175199999999485e-01
8.984312700000000040e-01
7.644600200000000179e-01
8.466989600000000005e-01
8.805937200000000242e-01
9.072948699999999755e-01
8.071690500000000545e-01
9.001089899999999977e-01
9.950024899999999617e-01
9.855648799999999765e-01
1.001169079999999934e+00
1.017822699999999969e+00
1.003827859999999905e+00
9.609881799999999696e-01
1.025473159999999995e+00
1.057019029999999971e+00
1.021318020000000049e+00
9.124667300000000036e-01
9.773663799999999791e-01
